cam0:
  T_cam_imu:
    [0.009869540197644022, 0.9999511574109503, -0.0005243746644683633, 0.0026102882982096845,
     0.013576020573496661, 0.00039035628421318913, 0.9999077653900685, 0.023434363763376577,
     0.9998591319989412, -0.009875748805686702, -0.013571504848464477, -0.007436820176989732,
     0.0, 0.0, 0.0, 1.0]
  camera_model: pinhole
  distortion_coeffs: [0.004051142608894552, -0.0041380482318658296, 0.0008765041886359247, 0.0009160044966131622]
  distortion_model: radtan
  intrinsics: [386.2227371514526, 386.65031689478315, 322.3951482166859, 241.75359375186477]
  resolution: [640, 480]
  rostopic: /camera/infra1/image_rect_raw
  timeshift_cam_imu: -0.021152446152253014
cam1:
  T_cam_imu:
   [0.010589877820521926, 0.9999436744827139, -0.0007087663615591988, -0.04733817787548524,
    0.014224642483787076, 0.0005580887501830667, 0.9998986689075828, 0.023407365789503528,
    0.9998427446523555, -0.010598886684731523, -0.014217931181763427, -0.0075221418573658645,
    0.0, 0.0, 0.0, 1.0]
  T_cn_cnm1:
    [0.9999997235287088, -0.0001745982924144963, 0.0007228125226875397, -0.04993899842537534,
     0.00017413064346365388, 0.999999775536346, 0.0006469975094741739, -2.263564075819767e-05,
     -0.0007229253251027502, -0.0006468714667882576, 0.9999995294680295, -6.82791148603268e-05,
     0.0, 0.0, 0.0, 1.0]
  camera_model: pinhole
  distortion_coeffs: [0.004113088503952632, -0.00320529307002575, 0.0010540433987210047,
    0.0006167434966102573]
  distortion_model: radtan
  intrinsics: [386.2229822476338, 386.64226476307704, 321.89136133481156, 241.51144198574312]
  resolution: [640, 480]
  rostopic: /camera/infra2/image_rect_raw
  timeshift_cam_imu: -0.021154377829778588
T_imu_body:
  [1.0000, 0.0000, 0.0000, 0.0000,
  0.0000, 1.0000, 0.0000, 0.0000,
  0.0000, 0.0000, 1.0000, 0.0000,
  0.0000, 0.0000, 0.0000, 1.0000]

